
 Log information for the data set scenz_1.dat >>

 alpha = 0.05 sepVal = 0.2

 Number of clusters >> 7

 cluster sizes >>
151 43 66 113 124 65 111

 Number of data points >> 673

 Number of dimensions >> 2

 Number of noisy dimensions >> 0

 noisy variables >>
0

 Number of outliers >> 0

 initial eigenvalues for each cluster >> 
 (rows correspond to clusters)
6.698 5.915
5.765 1.183
6.828 7.579
1.029 7.338
5.732 5.446
9.967 7.6
4.711 5.819

 Mean vectors and covariance matrices before rotation --- 1th cluster >>

 mean vector (mu'=Q*mu)>>
-7.607 0

 covariance matrix (Sigma'=Q*Sigma*t(Q))>>

5.916 0.031
0.031 6.697

 Mean vectors and covariance matrices before rotation --- 2th cluster >>

 mean vector (mu'=Q*mu)>>
7.607 0

 covariance matrix (Sigma'=Q*Sigma*t(Q))>>

3.18 2.698
2.698 6.185

 Mean vectors and covariance matrices before rotation --- 3th cluster >>

 mean vector (mu'=Q*mu)>>
0 13.175

 covariance matrix (Sigma'=Q*Sigma*t(Q))>>

7.195 -0.375
-0.375 7.212

 Mean vectors and covariance matrices before rotation --- 4th cluster >>

 mean vector (mu'=Q*mu)>>
22.82 0

 covariance matrix (Sigma'=Q*Sigma*t(Q))>>

1.817 -2.001
-2.001 8.403

 Mean vectors and covariance matrices before rotation --- 5th cluster >>

 mean vector (mu'=Q*mu)>>
15.214 13.175

 covariance matrix (Sigma'=Q*Sigma*t(Q))>>

5.609 0.141
0.141 5.569

 Mean vectors and covariance matrices before rotation --- 6th cluster >>

 mean vector (mu'=Q*mu)>>
38.034 0

 covariance matrix (Sigma'=Q*Sigma*t(Q))>>

9.948 0.824
0.824 8.151

 Mean vectors and covariance matrices before rotation --- 7th cluster >>

 mean vector (mu'=Q*mu)>>
30.427 13.175

 covariance matrix (Sigma'=Q*Sigma*t(Q))>>

5.432 -0.528
-0.528 5.097

 Final eigenvalues for each cluster >> 
 (rows correspond to clusters)
6.699 5.915
7.771 1.595
7.579 6.828
8.963 1.257
5.732 5.446
10.269 7.83
5.819 4.711

 *************************************************

 ********************* rotation ******************

 *************************************************


 The orthogonal matrix Q >>
0.95 0.314
0.314 -0.95

 Mean vectors and covariance matrices after rotation --- 1th cluster >>

 mean vector (mu'=Q*mu)>>
-2.385 -7.223

 covariance matrix (Sigma'=Q*Sigma*t(Q))>>

6.602 -0.257
-0.257 6.011

 Mean vectors and covariance matrices after rotation --- 2th cluster >>

 mean vector (mu'=Q*mu)>>
2.385 7.223

 covariance matrix (Sigma'=Q*Sigma*t(Q))>>

4.283 -3.062
-3.062 5.082

 Mean vectors and covariance matrices after rotation --- 3th cluster >>

 mean vector (mu'=Q*mu)>>
-12.511 4.131

 covariance matrix (Sigma'=Q*Sigma*t(Q))>>

7.434 0.297
0.297 6.973

 Mean vectors and covariance matrices after rotation --- 4th cluster >>

 mean vector (mu'=Q*mu)>>
7.155 21.669

 covariance matrix (Sigma'=Q*Sigma*t(Q))>>

8.947 -0.354
-0.354 1.273

 Mean vectors and covariance matrices after rotation --- 5th cluster >>

 mean vector (mu'=Q*mu)>>
-7.741 18.577

 covariance matrix (Sigma'=Q*Sigma*t(Q))>>

5.488 -0.102
-0.102 5.689

 Mean vectors and covariance matrices after rotation --- 6th cluster >>

 mean vector (mu'=Q*mu)>>
11.926 36.116

 covariance matrix (Sigma'=Q*Sigma*t(Q))>>

7.837 -0.127
-0.127 10.262

 Mean vectors and covariance matrices after rotation --- 7th cluster >>

 mean vector (mu'=Q*mu)>>
-2.97 33.024

 covariance matrix (Sigma'=Q*Sigma*t(Q))>>

5.445 0.524
0.524 5.085

 Final eigenvalues for each cluster >> 
 (rows correspond to clusters)
6.699 5.915
7.771 1.595
7.579 6.828
8.963 1.257
5.732 5.446
10.269 7.83
5.819 4.711

 theoretical Separation index matrix >>

-1 0.32 0.2 0.619 0.468 0.613 0.627
0.32 -1 0.286 0.425 0.2 0.539 0.49
0.2 0.286 -1 0.489 0.212 0.562 0.513
0.619 0.425 0.489 -1 0.2 0.276 0.317
0.468 0.2 0.212 0.2 -1 0.436 0.246
0.613 0.539 0.562 0.276 0.436 -1 0.2
0.627 0.49 0.513 0.317 0.246 0.2 -1

 theoretical projection directions >>

**** cluster 1 and 2
0.549 0.836

**** cluster 1 and 3
-0.637 0.771

**** cluster 1 and 4
0.149 0.989

**** cluster 1 and 5
-0.17 0.985

**** cluster 1 and 6
0.362 0.932

**** cluster 1 and 7
-0.038 0.999

**** cluster 2 and 3
-0.896 -0.444

**** cluster 2 and 4
0.318 0.948

**** cluster 2 and 5
-0.68 0.734

**** cluster 2 and 6
0.581 0.814

**** cluster 2 and 7
0.054 0.999

**** cluster 3 and 4
0.411 0.912

**** cluster 3 and 5
0.298 0.954

**** cluster 3 and 6
0.648 0.762

**** cluster 3 and 7
0.241 0.97

**** cluster 4 and 5
-0.909 -0.416

**** cluster 4 and 6
0.17 0.985

**** cluster 4 and 7
-0.318 0.948

**** cluster 5 and 6
0.796 0.605

**** cluster 5 and 7
0.278 0.96

**** cluster 6 and 7
-0.989 -0.151

 empirical Separation index matrix (alpha= 0.05 )>>

-1 0.304 0.18 0.604 0.481 0.602 0.621
0.304 -1 0.255 0.421 0.18 0.512 0.476
0.18 0.255 -1 0.495 0.241 0.539 0.511
0.604 0.421 0.495 -1 0.208 0.27 0.308
0.481 0.18 0.241 0.208 -1 0.398 0.246
0.602 0.512 0.539 0.27 0.398 -1 0.214
0.621 0.476 0.511 0.308 0.246 0.214 -1

 empirical projection directions >>

**** cluster 1 and 2
0.503 0.864

**** cluster 1 and 3
-0.591 0.807

**** cluster 1 and 4
0.186 0.983

**** cluster 1 and 5
-0.167 0.986

**** cluster 1 and 6
0.142 0.99

**** cluster 1 and 7
-0.097 0.995

**** cluster 2 and 3
-0.856 -0.518

**** cluster 2 and 4
0.402 0.916

**** cluster 2 and 5
-0.56 0.829

**** cluster 2 and 6
0.497 0.868

**** cluster 2 and 7
0.068 0.998

**** cluster 3 and 4
0.434 0.901

**** cluster 3 and 5
0.247 0.969

**** cluster 3 and 6
0.52 0.854

**** cluster 3 and 7
0.215 0.977

**** cluster 4 and 5
-0.89 -0.457

**** cluster 4 and 6
0.091 0.996

**** cluster 4 and 7
-0.43 0.903

**** cluster 5 and 6
0.753 0.658

**** cluster 5 and 7
0.228 0.974

**** cluster 6 and 7
-0.998 0.069
